1000
1001
1002
1003
1004
1005
1006
1007
1008
1009
1010
1011
1012
1013
1014
1015
1016
1017
1018
1019
1020
1021
1022
1023
1024
1025
1026
1027
1028
1029
1030
1031
1032
1033
1034
1035
1036
1037
1038
1039
1040
1041
1042
1043
1044
1045
1046
1047
1048
1049
1050
1051
1052
1053
1054
1055
1056
1057
1058
1059
1060
1061
1062
1063
1064
1065
1066
1067
1068
1069
1070
1071
1072
1073
1074
1075
1076
1077
1078
1079
1080
1081
1082
1083
1084
1085
1086
1087
1088
1089
1090
1091
1092
1093
1094
1095
1096
1097
1098
1099
1100
1101
1102
1103
1104
1105
1106
1107
1108
1109
1110
1111
1112
1113
1114
1115
1116
1117
1118
1119
1120
1121
1122
1123
1124
1125
1126
1127
1128
1129
1130
1131
1132
1133
1134
1135
1136
1137
1138
1139
1140
1141
1142
1143
1144
1145
1146
1147
1148
1149
1150
1151
1152
1153
1154
1155
1156
1157
1158
1159
1160
1161
1162
1163
1164
1165
1166
1167
1168
1169
1170
1171
1172
1173
1174
1175
1176
1177
1178
1179
1180
1181
1182
1183
1184
1185
1186
1187
1188
1189
1190
1191
1192
1193
1194
1208
1209
1210
1211
1212
1213
1214
1215
1216
1217
1218
1219
1220
1221
1222
1223
1224
1225
1226
1227
1228
1229
1230
1231
1232
1233
1234
1235
1236
1237
1238
1239
1240
1241
1242
1243
1244
1245
1246
1247
1248
1249
1250
1251
1252
1253
1254
1255
1256
1257
1278
1280
1283
1286
1298
1299
1300
1301
1305
1306
1307
1308
1309
1310
1311
1312
1313
1314
1318
1320
1321
1322
1323
1324
1325
1327
1329
1330
1345
1346
1347
1348
1350
1353
1354
1355
1356
1359
1374
1375
1377
1378
1379
1381
1382
1383
1384
1385
1386
1388
1393
1395
1396
1397
1398
1400
1401
1403
1404
1405
1406
1407
1408
1409
1410
1411
1418
1419
1420
1421
1422
1436
1438
1440
1441
1442
1443
1444
1445
1446
1447
1448
1449
1450
1451
1452
1453
1454
1455
1456
1457
1458
1459
1460
1461
1462
1464
1465
1467
1468
1469
1470
1471
1472
1473
1474
1475
1476
1477
1479
1480
1481
1482
1483
1484
1485
1487
1488
1489
1490
1491
1492
1493
1494
1496
1497
1498
1499
1500
1501
1502
1503
1504
1505
1506
1507
1508
1509
1510
1511
1512
1513
1514
1516
1517
1518
1519
1520
1521
1522
1523
1524
1525
1526
1527
1528
1529
1531
1532
1533
1537
1539
1541
1542
1543
1544
1545
1546
1547
1548
1549
1550
1551
1552
1553
1554
1555
1556
1557
1558
1560
1561
1562
1563
1564
1577
1581
1583
1584
1585
1586
1587
1588
1589
1591
1592
1593
1594
1595
1596
1597
1598
1600
1601
1602
1603
1604
1605
1607
1609
1612
1615
1618
1619
1620
1621
1622
1623
1624
1625
1626
1627
1628
1629
1630
1631
1632
1633
1634
1635
1637
1638
1639
1640
1641
1642
1644
1645
1646
1647
1648
1649
1651
1652
1653
1655
1656
1657
1658
1659
1661
1662
1663
1664
1665
1667
1668
1669
1670
1671
1672
1675
1677
1678
1679
1680
1681
1682
1683
1684
1685
1686
1689
1691
1692
1693
1694
1695
1696
1698
1699
1704
1705
1713
1714
1717
1718
1719
1721
1722
1723
1725
1727
1729
1741
1742
1747
1748
1749
1750
1754
1755
1756
1757
1759
1760
1761
1762
1763
1764
1765
1766
1768
1769
1771
1773
1774
1778
1780
1781
1787
1788
1789
1792
1797
1799
1800
1803
1804
1805
1806
1807
1808
1809
1810
1811
1812
1816
1817
1818
1819
1820
1821
1822
1823
1824
1825
1826
1827
1828
1829
1830
1831
1832
1833
405
406
407
408
409
410
411
412
413
414
416
417
418
419
420
421
422
423
424
425
426
427
428
429
430
431
432
433
434
435
436
437
438
439
440
441
442
443
444
445
446
447
448
449
450
451
452
453
454
455
456
457
458
459
460
461
462
463
464
465
466
467
468
469
470
471
472
473
474
475
476
477
478
479
480
481
482
483
484
485
486
487
488
489
489
490
491
492
493
494
495
496
497
498
499
500
501
502
503
504
505
506
507
508
509
510
511
512
513
514
515
516
517
518
519
520
521
522
523
524
525
526
527
528
529
530
531
532
533
534
535
536
537
538
539
540
541
542
543
544
545
546
547
548
549
550
551
552
553
554
555
556
557
558
559
560
561
562
563
564
564
565
566
567
568
569
570
571
572
573
574
575
576
577
578
579
580
581
582
583
584
585
586
587
588
589
590
591
592
593
594
595
596
597
598
599
600
601
602
603
604
605
606
607
608
609
610
611
612
613
614
615
616
617
617
618
911
912
925
926
927
928
929
930
931
932
933
934
935
936
937
938
939
940
941
942
943
944
945
946
947
948
949
950
951
952
953
954
955
956
957
958
959
960
961
962
963
964
965
966
967
968
969
970
971
972
973
974
975
976
977
978
979
980
981
982
983
984
985
986
987
988
989
990
991
992
993
994
995
996
997
999
